399900,3,2104
329900,3,1600
369000,3,2400
232000,2,1416
539900,4,3000
299900,4,1985
314900,3,1534
198999,3,1427
212000,3,1380
242500,3,1494
239999,4,1940
347000,3,2000
329999,3,1890
699900,5,4478
259900,3,1268
449900,4,2300
299900,2,1320
199900,3,1236
499998,4,2609
599000,4,3031
252900,3,1767
255000,2,1888
242900,3,1604
259900,4,1962
573900,3,3890
249900,3,1100
464500,3,1458
469000,3,2526
475000,3,2200
299900,3,2637
349900,2,1839
169900,1,1000
314900,4,2040
579900,3,3137
285900,4,1811
249900,3,1437
229900,3,1239
345000,4,2132
549000,4,4215
287000,4,2162
368500,2,1664
329900,3,2238
314000,4,2567
299000,3,1200
179900,2,852
299900,4,1852
239500,3,1203
