446,5831.933451422327,7
132,1457.9792947473338,4
320,879.9128615603955,6
270,4851.3612494208355,5
287,6136.089446239623,5
332,2716.3567255086505,6
240,5180.886303147295,5
134,469.96471270117604,4
59,417.7923758686466,3
427,7684.859786039647,7
169,1308.0697874733396,4
413,8254.960548588873,7
13,41.51633602749899,3
385,4818.067862046339,6
33,249.4020098763166,3
280,4464.823515909889,5
440,4913.085650002676,7
475,5903.419491022119,7
437,1159.0971298410673,7
360,7032.40345269961,6
272,107.49938789306057,5
240,2767.4953478331736,5
15,49.45212550969167,3
225,4715.691063539148,5
320,52.88111890654925,6
137,2874.827854662938,4
125,1458.2946007244323,4
422,8090.079221712771,7
118,1231.9806541855264,4
296,4711.9329844528675,5
70,338.81157073543073,3
209,216.31327341774144,5
223,4687.860175078713,5
217,577.1592698178688,5
463,7301.643611881052,7
229,2937.9554915843655,5
498,7453.2589747649845,7
234,3343.1025817519076,5
179,2020.0323070729132,4
446,5499.734964732177,7
215,3291.2760981487204,5
355,7406.808551456432,6
121,1017.2774447919347,4
186,3530.5440197321086,4
297,1589.4607614052672,5
418,4265.798981370423,7
479,9300.28275284203,7
95,430.53732519754345,3
36,688.8278489053671,3
368,5960.682849964337,6
355,3640.903682336052,6
188,4173.460452878821,4
102,554.8616221538704,4
168,3850.138166008804,4
154,2070.389363892832,4
9,133.81794397949656,3
478,8850.92807613992,7
448,3515.8955451292804,7
449,8047.466907299026,7
375,2359.869614407109,6
55,429.3092493911758,3
123,2651.468707154179,4
461,4837.518685020583,7
452,1391.0241035872757,7
167,2939.0826478219233,4
166,199.91635596441577,4
420,5950.166570850324,7
137,745.6712648750774,4
415,1669.895872628956,7
307,5816.974582071582,6
385,2677.7674290789173,6
190,3853.205500776876,4
491,8195.56882575349,7
236,1146.0014236939442,5
345,1089.2776396969252,6
402,7099.691574752034,7
246,3013.149260291388,5
353,7674.567615162543,6
307,259.5082745937513,6
177,730.8479746940748,4
107,104.01319974390393,4
294,4307.100856684947,5
286,3767.9977863955423,5
170,2800.5059739352364,4
152,2287.698594580594,4
40,507.63426353088124,3
371,5141.0451518778955,6
495,7462.843789359167,7
10,68.51055253367066,3
451,9412.034251091995,7
353,5685.338740073658,6
84,1002.561054736211,3
463,7813.651011554726,7
265,4868.9087994854235,5
69,612.52653230361,3
420,4321.968125098964,7
289,548.8521227388645,5
355,372.6410190707679,6
72,140.9672248335764,3